# Created by Octave 3.2.2, Thu May 26 16:05:11 2011 PDT <stevedh@oxtail>
# name: M
# type: matrix
# rows: 100
# columns: 2
 0.024442920659252 316
 0.036899664058556 699
 0.04935640745786 328
 0.061813150857164 355
 0.07426989425646799 298
 0.08672663765577199 282
 0.09918338105507601 217
 0.11164012445438 165
 0.124096867853684 106
 0.136553611252988 81
 0.149010354652292 57
 0.161467098051596 76
 0.1739238414509 48
 0.186380584850204 39
 0.198837328249508 63
 0.211294071648812 62
 0.223750815048116 74
 0.23620755844742 418
 0.248664301846724 1824
 0.261121045246028 1220
 0.273577788645332 314
 0.286034532044636 158
 0.29849127544394 109
 0.310948018843244 92
 0.323404762242548 64
 0.335861505641852 56
 0.348318249041156 48
 0.36077499244046 64
 0.373231735839764 75
 0.385688479239068 76
 0.398145222638372 87
 0.410601966037676 90
 0.42305870943698 87
 0.435515452836284 109
 0.447972196235588 119
 0.460428939634892 91
 0.472885683034196 88
 0.4853424264335 106
 0.497799169832804 95
 0.5102559132321079 110
 0.522712656631412 85
 0.5351694000307159 53
 0.5476261434300199 64
 0.5600828868293239 66
 0.572539630228628 59
 0.584996373627932 55
 0.597453117027236 52
 0.6099098604265399 63
 0.622366603825844 38
 0.634823347225148 48
 0.6472800906244519 62
 0.6597368340237559 45
 0.67219357742306 47
 0.684650320822364 43
 0.697107064221668 31
 0.709563807620972 33
 0.7220205510202758 19
 0.7344772944195799 19
 0.7469340378188839 21
 0.7593907812181879 19
 0.771847524617492 26
 0.784304268016796 29
 0.7967610114160999 27
 0.8092177548154039 29
 0.8216744982147079 16
 0.834131241614012 21
 0.846587985013316 26
 0.85904472841262 25
 0.8715014718119241 19
 0.8839582152112279 9
 0.8964149586105319 5
 0.9088717020098359 1
 0.9213284454091399 1
 0.933785188808444 1
 0.946241932207748 0
 0.9586986756070519 0
 0.9711554190063559 0
 0.98361216240566 0
 0.996068905804964 0
 1.008525649204268 1
 1.020982392603572 2
 1.033439136002876 0
 1.04589587940218 0
 1.058352622801484 0
 1.070809366200788 0
 1.083266109600092 1
 1.095722852999396 0
 1.1081795963987 0
 1.120636339798004 0
 1.133093083197308 0
 1.145549826596612 0
 1.158006569995916 0
 1.17046331339522 0
 1.182920056794524 0
 1.195376800193828 0
 1.207833543593132 2
 1.220290286992436 0
 1.23274703039174 0
 1.245203773791044 2
 1.257660517190348 1
